LATITUDE	= 48.500000
LONGITUDE	= 6.450000
ALTITUDE	= 60
TIME_ZONE	= 2
