LATITUDE	= 61.250000
LONGITUDE	= 22.500000
ALTITUDE	= 156
TIME_ZONE	= 2
LANDSCAPE_NUMBER	= 2
